0
0
0.000000000000000039400657021601382
-0.00000000000000015823396300793414
0.0000000000000003574531787277759
-0.0000000000000006380198097135505
0.0000000000000010009043932922252
-0.0000000000000014470851181511496
0.0000000000000019775498055613526
-0.0000000000000025932938532815321
0.0000000000000032953222174681143
-0.0000000000000040846505984539104
0.0000000000000049623004677643872
-0.0000000000000059293028262154972
0.0000000000000069867013813218811
-0.0000000000000081355428186337055
0.0000000000000093768942601259645
-0.000000000000010711818277266061
0.000000000000012141400369621069
-0.000000000000013666727828386012
0.000000000000015288902964332177
-0.000000000000017009023993396929
0.000000000000018828217265829688
-0.000000000000020747616753888871
0.000000000000022768365950323903
-0.000000000000024891590444550367
0.000000000000027118479209567496
-0.000000000000029450200730400252
0.000000000000031887922248579921
-0.00000000000003443285136144168
0.000000000000037086168965957444
-0.000000000000039849143235044797
0.000000000000042722955376669336
-0.000000000000045708852066472714
0.000000000000048808090251600956
-0.000000000000052021958243285413
0.000000000000055351680458106913
-0.000000000000058798566856647627
0.000000000000062363915557715819
-0.000000000000066049067592341281
0.000000000000069855301219941008
-0.000000000000073783974300741071
0.000000000000077836444534062742
-0.000000000000082014066448716738
0.000000000000086318221816751887
-0.000000000000090750250429591735
0.000000000000095311648741860844
-0.00000000000010000374485395714
0.00000000000010482800863399617
-0.0000000000001097858941313738
0.0000000000001148788983519887
-0.00000000000012010837887837875
0.00000000000012547591224839856
-0.00000000000013098300925667915
0.00000000000013663113207662121
-0.00000000000014242186470808443
0.00000000000014835663328649419
-0.00000000000015443725352430955
0.00000000000016066501502888102
-0.00000000000016704171016199446
0.00000000000017356890474104158
-0.00000000000018024811615868734
0.00000000000018708117382852691
-0.00000000000019406962955496648
0.00000000000020121520166851087
-0.0000000000002085194807031746
0.00000000000021598439079363159
-0.00000000000022361148586257202
0.00000000000023140251859564579
-0.00000000000023935937611116755
0.00000000000024748365614678909
-0.00000000000025577741619476984
0.00000000000026424226457615466
-0.00000000000027288019779465249
0.00000000000028169297716285837
-0.00000000000029068243457143648
0.00000000000029985067136994668
-0.00000000000030919942945423144
0.00000000000031873078879324751
-0.00000000000032844650825804266
0.00000000000033834877859172032
-0.00000000000034843949579999705
0.00000000000035872069186940261
-0.00000000000036919448269811131
0.00000000000037986301905335318
-0.00000000000039072800195683639
0.00000000000040179207355153509
-0.00000000000041305713985897216
0.00000000000042452526900431972
-0.00000000000043619878463010348
0.00000000000044807981599106568
-0.00000000000046017073311936363
0.00000000000047247359750348486
-0.00000000000048499089632678903
0.00000000000049772482675161733
-0.00000000000051067775858849706
0.00000000000052385214553325141
-0.0000000000005372502594826798
0.0000000000005508746109836297
-0.00000000000056472747906917802
0.0000000000005788116798225806
-0.00000000000059312935211176156
0.00000000000060768305541606526
-0.00000000000062247587136395125
0.00000000000063750970280615742
-0.00000000000065278757767597866
0.00000000000066831217590775403
-0.00000000000068408603447197259
0.00000000000070011170710448313
-0.00000000000071639229891873666
0.00000000000073293053071778278
-0.00000000000074972919609959756
0.00000000000076679069412863749
-0.00000000000078411870539944725
0.00000000000080171548179214758
-0.00000000000081958444564327583
0.00000000000083772790395700052
-0.00000000000085615024367117962
0.00000000000087485281709248511
-0.00000000000089384013444482854
0.00000000000091311432111597263
-0.00000000000093267914624474778
0.00000000000095253779730845712
-0.00000000000097269338156639992
0.00000000000099314903480498348
-0.0000000000010139087507752104
0.0000000000010349748853920306
-0.0000000000010563516872094882
0.0000000000010780423089182751
-0.0000000000011000503474447524
0.0000000000011223795656296492
-0.0000000000011450330499736364
0.0000000000011680149622577314
-0.0000000000011913282641496348
0.0000000000012149777112610808
-0.000000000001238966105996634
0.000000000001263298545237309
-0.0000000000012879772186494042
0.0000000000013130077654308768
-0.0000000000013383925268007047
0.0000000000013641374158482765
-0.0000000000013902442942192725
0.0000000000014167202102615989
-0.0000000000014435658754077965
0.0000000000014707890143481362
-0.000000000001498390867821899
0.0000000000015263787396922492
-0.0000000000015547539164274409
0.0000000000015835246706002554
-0.0000000000016126911925889938
0.0000000000016422619867027478
-0.000000000001672238994221875
0.0000000000017026291073213617
-0.0000000000017334354856783625
0.0000000000017646634167076913
-0.0000000000017963193933321011
0.0000000000018284050053208561
-0.0000000000018609299195395423
0.0000000000018938932827004606
-0.0000000000019273091737647569
0.0000000000019611704709549362
-0.0000000000019954989380495665
0.0000000000020302789154000866
-0.0000000000020655422299948552
0.000000000002101262389034414
-0.0000000000021374833662855446
0.000000000002174166625962759
-0.0000000000022113690136324554
0.0000000000022490381929308079
-0.0000000000022872461343547707
0.0000000000023259243159105427
-0.000000000002365162407091153
0.000000000002404874876799483
-0.0000000000024451681648020682
0.0000000000024859412294654793
-0.0000000000025273153751507378
0.0000000000025691753458059345
-0.0000000000026116554235084948
0.0000000000026546321094588321
-0.0000000000026982418351973508
0.0000000000027423672511376817
-0.0000000000027871328141579378
0.0000000000028324390646945246
-0.0000000000028783828353209305
0.0000000000029249076070536576
-0.0000000000029720512610136873
0.0000000000030198345654591307
-0.0000000000030681993181081531
0.0000000000031172834418615814
-0.0000000000031668892370602
0.0000000000032173204630445936
-0.000000000003268184976981316
0.0000000000033200127645916535
-0.0000000000033721528911071064
0.0000000000034254307270301059
-0.0000000000034788630617103965
0.0000000000035336454895189284
-0.0000000000035883885637262304
0.0000000000036447288886505482
-0.0000000000037008030234070374
0.0000000000037587551986102749
-0.0000000000038161880210837556
0.0000000000038757975138161299
-0.0000000000039346276634411466
0.0000000000039959304196340444
-0.0000000000040562129155017118
0.0000000000041192276762913544
-0.0000000000041810393660845635
0.0000000000042457618710119895
-0.0000000000043092118218198191
0.0000000000043756037169003312
-0.0000000000044408396807751364
0.0000000000045088225326248649
-0.0000000000045760444694079615
0.0000000000046454835547178579
-0.000000000004714951955911702
0.0000000000047856546600016986
-0.0000000000048576986683046517
0.0000000000049294011900417474
-0.0000000000050044259181991419
0.0000000000050767893397584545
-0.000000000005155279182945469
0.0000000000052278935471845663
-0.0000000000053104038261003314
0.0000000000053827963251054772
-0.000000000005469939370880872
0.000000000005541599022229411
-0.0000000000056340107053273034
0.0000000000057044310978375883
-0.0000000000058027184475381272
0.0000000000058714608092603594
-0.0000000000059761267807158116
0.0000000000060429103944019906
-0.0000000000061542457300573163
0.0000000000062190736131075708
-0.000000000006337016756920992
0.0000000000064003355154512936
-0.0000000000065242863494542803
0.0000000000065871913645746073
-0.0000000000067157949098901313
0.0000000000067802664494868888
-0.0000000000069111561287064852
0.0000000000069803331563087755
-0.0000000000071098402221308789
0.0000000000071883170865089986
-0.0000000000073111750086985957
0.0000000000074053064066962904
-0.0000000000075143550747616842
0.0000000000076325087427874482
-0.0000000000077184727903769725
0.0000000000078712329231564417
-0.0000000000079225784969788043
0.000000000008122795639311639
-0.0000000000081257827442626386
0.0000000000083884089448204377
-0.0000000000083273945211276843
0.0000000000086689970300556998
-0.0000000000085271344847050852
0.0000000000089649720461865438
-0.0000000000087254037021189311
0.0000000000092759166597795165
-0.0000000000089236244907144776
0.0000000000096002092583852792
-0.0000000000091246692852774894
0.0000000000099345625380776377
-0.0000000000093333463118854831
0.000000000010273501363286059
-0.0000000000095569551661859493
0.000000000010608799004583942
-0.0000000000098058535809693355
0.000000000010928905071564924
-0.000000000010094023151575671
0.000000000011218425156493849
-0.000000000010439519953408804
0.000000000011457747167035927
-0.000000000010864749721511352
0.00000000001162292000953735
-0.000000000011396403750984549
0.000000000011685930005453339
-0.000000000012064908068180332
0.000000000011615598117371534
-0.000000000012903160817843655
0.000000000011379265072732976
-0.000000000013944322193336137
0.000000000010945587276683752
-0.00000000001521839431575794
0.00000000001028867203910835
-0.000000000016747294157633479
0.0000000000093938682057784475
-0.00000000001853814041301594
0.0000000000082654539756039109
-0.000000000020574541451377223
0.0000000000069364140984517128
-0.000000000022805738286883047
0.0000000000054803930088516233
-0.000000000025133603965601892
0.0000000000040256690622164839
-0.000000000027397794131341453
0.000000000002770741656569416
-0.000000000029359618664418243
0.0000000000020007385168291751
-0.000000000030685720219566154
0.0000000000021032624308471094
-0.000000000030933191175518346
0.0000000000035817052863074945
-0.0000000000295385180279831
0.0000000000070632349655770533
-0.00000000002581363479229018
0.000000000013297693734682678
-0.000000000018953243102046456
0.000000000023142699034210702
-0.0000000000080587527155827367
0.000000000037529119380802502
0.0000000000078148795158182177
0.000000000057400105757347543
0.000000000029582153729578449
0.000000000083616093445955226
0.000000000058011981217810111
0.00000000011681770414799061
0.000000000093566561342295498
0.00000000015723875407778063
0.00000000013618681655019745
0.00000000020446269813420528
0.00000000018501878857371569
0.00000000025711840024736758
0.00000000023807875835285011
0.00000000031251537269818103
0.00000000029186023250592738
0.00000000036622523456034943
0.00000000034089384940414927
0.00000000041162553160696444
0.00000000037728222615469802
0.00000000043943470311224234
0.00000000039024624898111399
0.00000000043728335455828764
0.00000000036573763664150863
0.00000000038938732281308548
0.00000000028619480149048615
0.00000000027641208929967181
0.00000000013054502430192511
0.000000000075645608445900217
-0.000000000125415411749473
-0.00000000023837374296026046
-0.000000000508101324873788
-0.00000000069259759693554939
-0.0000000010444884585151516
-0.0000000013133729874234832
-0.0000000017595185226498586
-0.0000000021232896994398394
-0.000000002672331258607993
-0.0000000031367403615135937
-0.0000000037910985380813992
-0.0000000043539789318302768
-0.0000000051062644738997388
-0.0000000057535089919374387
-0.000000006582060975025008
-0.0000000072827214382207573
-0.0000000081462824308484482
-0.0000000088468451598717149
-0.0000000096784805876056763
-0.000000010296488591572482
-0.000000010996995607958812
-0.000000011414349418654674
-0.00000001184558667122381
-0.000000011902068016667242
-0.00000001188087736447721
-0.00000001136870794845133
-0.00000001066239592592275
-0.0000000093229686455893283
-0.0000000076476680885739674
-0.0000000051719665452969985
-0.0000000021956001102083304
0.0000000017697578859984993
0.0000000064177573995386404
0.000000012256477132398481
0.000000018966098192177559
0.00000002706736856099608
0.000000036216617482481911
0.00000004693632502737926
0.000000058844211091702062
0.000000072448851815399051
0.000000087309386823882758
0.00000010389935939538535
0.00000012169340595754181
0.00000014110278289217861
0.00000016148524234814348
0.00000018315605885814748
0.00000020531716578283582
0.0000002281479246864774
0.00000025064950865456959
0.0000002728201832866377
0.00000029341088853900679
0.00000031219043907449125
0.00000032760828623221761
0.00000033915581321259429
0.00000034493236153777084
0.00000034410970603579304
0.0000003343976088777905
0.00000031461961775137162
0.00000028207465994957835
0.00000023523351223081005
0.00000017099324971912261
0.000000087505071697427256
-0.000000018681260470579828
-0.00000014964612624305213
-0.00000030906820770048768
-0.00000049909614032441255
-0.00000072343171906762542
-0.00000098402951015609115
-0.0000012842976638953717
-0.0000016256092881073974
-0.0000020106239858624091
-0.0000024395939539454682
-0.000002913810587334666
-0.0000034316880404446609
-0.0000039923414220983545
-0.0000045914312385345293
-0.0000052248831979421036
-0.0000058844788979018167
-0.000006561732486201181
-0.0000072432165736932501
-0.0000079146184350243849
-0.000008555795877765349
-0.000009145045832458105
-0.0000096538932707130649
-0.000010051618464787485
-0.000010299793489798982
-0.000010357131640238211
-0.000010173800980032391
-0.0000096966808148727293
-0.000008863500438716091
-0.0000076086134403794326
-0.0000058570322758480895
-0.0000035308615305366432
-0.00000054332491049914635
0.0000031939670163740981
0.0000077768721858499233
0.00001330040179548094
0.00001986430299949791
0.000027563444253375007
0.0000364929417165196
0.000046736955636512104
0.000058373152939858997
0.000071459592544386355
0.000086038302243001235
0.0001021199085234867
0.00011968610738661194
0.00013867168894748976
0.00015896570741931226
0.00018039057091222618
0.00020270177547812709
0.00022556378628448505
0.00024854830627182346
0.000271106778052961
0.00029256732305789839
0.00031210385718224098
0.00032873207635554036
0.00034127541691403545
0.00034836079414590082
0.00034838196407822712
0.00033949615827825737
0.00031958582896409051
0.00028625788001355112
0.0002368053100033779
0.00016821142617955739
0.000077113541691228499
-0.000040184619737958224
-0.00018774427398166263
-0.00036996682329261621
-0.00059161653576305338
-0.00085777822407303152
-0.0011738666815355829
-0.0015455604338454887
-0.0019787925387056674
-0.0024796528873959143
-0.0030543542926209483
-0.0037090947024247846
-0.0044499921046891634
-0.0052828970471527825
-0.0062132899829211285
-0.0072460337773377166
-0.0083852279900574322
-0.0096338906991169874
-0.010993766253994926
-0.012464925820643628
-0.014045528910124873
-0.015731332465159724
-0.017515412840550932
-0.019387573564716598
-0.021334044929619059
-0.023336779384105309
-0.025373163540490008
-0.027415183532649826
-0.029429216540393977
-0.031375024343825615
-0.033205761163340571
-0.034866668614938701
-0.036295636069187197
-0.03742110705291924
-0.038164459843222344
0.96156626488603303
-0.038164459843222344
-0.03742110705291924
-0.036295636069187197
-0.034866668614938701
-0.033205761163340571
-0.031375024343825615
-0.029429216540393977
-0.027415183532649826
-0.025373163540490008
-0.023336779384105309
-0.021334044929619059
-0.019387573564716598
-0.017515412840550932
-0.015731332465159724
-0.014045528910124873
-0.012464925820643628
-0.010993766253994926
-0.0096338906991169874
-0.0083852279900574322
-0.0072460337773377166
-0.0062132899829211285
-0.0052828970471527825
-0.0044499921046891643
-0.0037090947024247846
-0.0030543542926209483
-0.0024796528873959143
-0.0019787925387056674
-0.0015455604338454887
-0.0011738666815355829
-0.00085777822407303152
-0.00059161653576305338
-0.00036996682329261621
-0.00018774427398166263
-0.000040184619737958231
0.000077113541691228499
0.00016821142617955739
0.0002368053100033779
0.00028625788001355112
0.00031958582896409051
0.00033949615827825737
0.00034838196407822717
0.00034836079414590082
0.00034127541691403545
0.00032873207635554036
0.00031210385718224103
0.00029256732305789839
0.000271106778052961
0.00024854830627182346
0.00022556378628448505
0.00020270177547812709
0.00018039057091222618
0.00015896570741931229
0.00013867168894748976
0.00011968610738661195
0.0001021199085234867
0.000086038302243001235
0.000071459592544386355
0.000058373152939858997
0.000046736955636512104
0.0000364929417165196
0.000027563444253375007
0.000019864302999497913
0.000013300401795480942
0.0000077768721858499233
0.0000031939670163740981
-0.00000054332491049914635
-0.0000035308615305366432
-0.0000058570322758480886
-0.0000076086134403794334
-0.0000088635004387160927
-0.0000096966808148727293
-0.000010173800980032391
-0.000010357131640238211
-0.000010299793489798984
-0.000010051618464787485
-0.0000096538932707130649
-0.000009145045832458105
-0.000008555795877765349
-0.0000079146184350243849
-0.0000072432165736932501
-0.000006561732486201181
-0.0000058844788979018175
-0.0000052248831979421036
-0.0000045914312385345293
-0.0000039923414220983553
-0.0000034316880404446609
-0.0000029138105873346669
-0.0000024395939539454678
-0.0000020106239858624087
-0.0000016256092881073976
-0.0000012842976638953719
-0.00000098402951015609136
-0.00000072343171906762542
-0.00000049909614032441255
-0.00000030906820770048768
-0.00000014964612624305216
-0.000000018681260470579828
0.00000008750507169742727
0.00000017099324971912259
0.00000023523351223081008
0.00000028207465994957835
0.00000031461961775137167
0.0000003343976088777906
0.00000034410970603579309
0.00000034493236153777089
0.00000033915581321259429
0.00000032760828623221772
0.00000031219043907449125
0.00000029341088853900679
0.0000002728201832866377
0.00000025064950865456959
0.00000022814792468647743
0.00000020531716578283587
0.00000018315605885814748
0.00000016148524234814348
0.00000014110278289217866
0.00000012169340595754181
0.00000010389935939538537
0.000000087309386823882758
0.000000072448851815399037
0.000000058844211091702068
0.000000046936325027379273
0.000000036216617482481911
0.000000027067368560996083
0.000000018966098192177559
0.000000012256477132398485
0.0000000064177573995386421
0.0000000017697578859984997
-0.0000000021956001102083304
-0.0000000051719665452969976
-0.000000007647668088573969
-0.00000000932296864558933
-0.000000010662395925922752
-0.000000011368707948451332
-0.000000011880877364477211
-0.000000011902068016667242
-0.000000011845586671223809
-0.000000011414349418654679
-0.000000010996995607958812
-0.000000010296488591572482
-0.0000000096784805876056746
-0.0000000088468451598717165
-0.0000000081462824308484515
-0.0000000072827214382207557
-0.0000000065820609750250088
-0.0000000057535089919374387
-0.0000000051062644738997397
-0.0000000043539789318302768
-0.0000000037910985380814009
-0.0000000031367403615135945
-0.0000000026723312586079934
-0.0000000021232896994398394
-0.0000000017595185226498598
-0.0000000013133729874234832
-0.0000000010444884585151514
-0.0000000006925975969355496
-0.000000000508101324873788
-0.00000000023837374296026046
-0.00000000012541541174947295
0.000000000075645608445900255
0.00000000013054502430192511
0.00000000027641208929967186
0.0000000002861948014904862
0.00000000038938732281308574
0.00000000036573763664150853
0.00000000043728335455828759
0.00000000039024624898111404
0.00000000043943470311224239
0.00000000037728222615469802
0.00000000041162553160696439
0.00000000034089384940414943
0.00000000036622523456034943
0.00000000029186023250592754
0.00000000031251537269818103
0.00000000023807875835285027
0.00000000025711840024736758
0.00000000018501878857371567
0.00000000020446269813420538
0.00000000013618681655019747
0.00000000015723875407778066
0.000000000093566561342295485
0.00000000011681770414799066
0.000000000058011981217810124
0.000000000083616093445955251
0.000000000029582153729578456
0.000000000057400105757347556
0.0000000000078148795158182177
0.000000000037529119380802496
-0.0000000000080587527155827383
0.000000000023142699034210708
-0.000000000018953243102046462
0.000000000013297693734682678
-0.000000000025813634792290193
0.0000000000070632349655770558
-0.000000000029538518027983106
0.0000000000035817052863074958
-0.000000000030933191175518346
0.0000000000021032624308471094
-0.000000000030685720219566154
0.0000000000020007385168291759
-0.000000000029359618664418256
0.000000000002770741656569416
-0.000000000027397794131341453
0.0000000000040256690622164855
-0.000000000025133603965601902
0.0000000000054803930088516266
-0.000000000022805738286883056
0.0000000000069364140984517137
-0.000000000020574541451377226
0.0000000000082654539756039109
-0.000000000018538140413015946
0.0000000000093938682057784507
-0.000000000016747294157633482
0.000000000010288672039108353
-0.000000000015218394315757946
0.000000000010945587276683747
-0.000000000013944322193336137
0.000000000011379265072732981
-0.000000000012903160817843658
0.000000000011615598117371534
-0.000000000012064908068180331
0.000000000011685930005453345
-0.000000000011396403750984554
0.000000000011622920009537352
-0.000000000010864749721511352
0.000000000011457747167035933
-0.000000000010439519953408802
0.000000000011218425156493849
-0.000000000010094023151575674
0.000000000010928905071564926
-0.0000000000098058535809693355
0.000000000010608799004583942
-0.0000000000095569551661859557
0.000000000010273501363286064
-0.0000000000093333463118854847
0.0000000000099345625380776377
-0.0000000000091246692852774943
0.0000000000096002092583852792
-0.0000000000089236244907144776
0.0000000000092759166597795213
-0.0000000000087254037021189327
0.0000000000089649720461865438
-0.0000000000085271344847050852
0.0000000000086689970300557047
-0.0000000000083273945211276876
0.0000000000083884089448204394
-0.0000000000081257827442626386
0.000000000008122795639311639
-0.0000000000079225784969788043
0.00000000000787123292315644
-0.0000000000077184727903769773
0.0000000000076325087427874498
-0.0000000000075143550747616858
0.0000000000074053064066962904
-0.0000000000073111750086986005
0.0000000000071883170865090018
-0.0000000000071098402221308805
0.0000000000069803331563087779
-0.0000000000069111561287064869
0.0000000000067802664494868888
-0.0000000000067157949098901297
0.0000000000065871913645746105
-0.0000000000065242863494542819
0.0000000000064003355154512952
-0.000000000006337016756920992
0.0000000000062190736131075756
-0.0000000000061542457300573196
0.0000000000060429103944019922
-0.0000000000059761267807158132
0.000000000005871460809260361
-0.0000000000058027184475381272
0.0000000000057044310978375875
-0.0000000000056340107053273066
0.0000000000055415990222294143
-0.0000000000054699393708808737
0.0000000000053827963251054772
-0.0000000000053104038261003355
0.0000000000052278935471845695
-0.0000000000051552791829454658
0.0000000000050767893397584562
-0.0000000000050044259181991443
0.0000000000049294011900417474
-0.0000000000048576986683046509
0.0000000000047856546600017027
-0.0000000000047149519559117053
0.0000000000046454835547178595
-0.0000000000045760444694079615
0.0000000000045088225326248689
-0.0000000000044408396807751397
0.0000000000043756037169003288
-0.0000000000043092118218198199
0.0000000000042457618710119912
-0.0000000000041810393660845635
0.0000000000041192276762913536
-0.0000000000040562129155017159
0.0000000000039959304196340468
-0.0000000000039346276634411482
0.0000000000038757975138161307
-0.0000000000038161880210837588
0.0000000000037587551986102781
-0.000000000003700803023407035
0.0000000000036447288886505506
-0.0000000000035883885637262316
0.0000000000035336454895189284
-0.0000000000034788630617103965
0.0000000000034254307270301095
-0.0000000000033721528911071088
0.0000000000033200127645916547
-0.000000000003268184976981316
0.000000000003217320463044598
-0.0000000000031668892370602033
0.000000000003117283441861579
-0.0000000000030681993181081551
0.0000000000030198345654591319
-0.0000000000029720512610136881
0.0000000000029249076070536576
-0.0000000000028783828353209338
0.0000000000028324390646945266
-0.000000000002787132814157939
0.0000000000027423672511376817
-0.0000000000026982418351973508
0.0000000000026546321094588353
-0.0000000000026116554235084936
0.0000000000025691753458059361
-0.0000000000025273153751507391
0.0000000000024859412294654805
-0.0000000000024451681648020682
0.0000000000024048748767994858
-0.000000000002365162407091155
0.0000000000023259243159105439
-0.0000000000022872461343547719
0.0000000000022490381929308083
-0.000000000002211369013632455
0.0000000000021741666259627585
-0.0000000000021374833662855458
0.0000000000021012623890344156
-0.0000000000020655422299948564
0.0000000000020302789154000866
-0.0000000000019954989380495693
0.0000000000019611704709549383
-0.0000000000019273091737647553
0.0000000000018938932827004618
-0.0000000000018609299195395427
0.0000000000018284050053208553
-0.0000000000017963193933321007
0.0000000000017646634167076931
-0.0000000000017334354856783639
0.0000000000017026291073213627
-0.000000000001672238994221875
0.0000000000016422619867027504
-0.0000000000016126911925889954
0.0000000000015835246706002536
-0.0000000000015547539164274417
0.0000000000015263787396922496
-0.000000000001498390867821899
0.0000000000014707890143481354
-0.0000000000014435658754077977
0.0000000000014167202102616004
-0.0000000000013902442942192733
0.0000000000013641374158482765
-0.0000000000013383925268007067
0.0000000000013130077654308784
-0.000000000001287977218649403
0.0000000000012632985452373104
-0.0000000000012389661059966344
0.0000000000012149777112610808
-0.0000000000011913282641496344
0.0000000000011680149622577326
-0.000000000001145033049973638
0.00000000000112237956562965
-0.0000000000011000503474447528
0.0000000000010780423089182771
-0.0000000000010563516872094894
0.0000000000010349748853920297
-0.0000000000010139087507752116
0.00000000000099314903480498429
-0.00000000000097269338156640012
0.00000000000095253779730845672
-0.00000000000093267914624474919
0.00000000000091311432111597384
-0.00000000000089384013444482924
0.00000000000087485281709248552
-0.00000000000085615024367117922
0.00000000000083772790395700194
-0.00000000000081958444564327503
0.00000000000080171548179214839
-0.00000000000078411870539944806
0.00000000000076679069412863789
-0.00000000000074972919609959716
0.00000000000073293053071778419
-0.00000000000071639229891873737
0.00000000000070011170710448384
-0.00000000000068408603447197299
0.00000000000066831217590775363
-0.00000000000065278757767597967
0.00000000000063750970280615672
-0.00000000000062247587136395226
0.00000000000060768305541606587
-0.00000000000059312935211176156
0.00000000000057881167982258019
-0.00000000000056472747906917933
0.00000000000055087461098363071
-0.0000000000005372502594826804
0.00000000000052385214553325172
-0.00000000000051067775858849706
0.00000000000049772482675161874
-0.00000000000048499089632678872
0.00000000000047247359750348587
-0.00000000000046017073311936393
0.00000000000044807981599106568
-0.00000000000043619878463010348
0.00000000000042452526900432104
-0.00000000000041305713985897312
0.00000000000040179207355153418
-0.0000000000003907280019568367
0.00000000000037986301905335318
-0.00000000000036919448269811227
0.00000000000035872069186940231
-0.00000000000034843949579999765
0.00000000000033834877859172093
-0.00000000000032844650825804302
0.00000000000031873078879324751
-0.00000000000030919942945423235
0.00000000000029985067136994758
-0.00000000000029068243457143588
0.00000000000028169297716285868
-0.00000000000027288019779465249
0.00000000000026424226457615557
-0.00000000000025577741619476984
0.00000000000024748365614678969
-0.00000000000023935937611116786
0.00000000000023140251859564609
-0.00000000000022361148586257232
0.00000000000021598439079363248
-0.00000000000020851948070317518
0.00000000000020121520166851029
-0.00000000000019406962955496676
0.00000000000018708117382852691
-0.00000000000018024811615868817
0.0000000000001735689047410413
-0.00000000000016704171016199502
0.0000000000001606650150288813
-0.00000000000015443725352430983
0.00000000000014835663328649419
-0.00000000000014242186470808443
0.00000000000013663113207662176
-0.0000000000001309830092566789
0.00000000000012547591224839883
-0.00000000000012010837887837875
0.0000000000001148788983519895
-0.00000000000010978589413137354
0.00000000000010482800863399672
-0.0000000000001000037448539574
0.000000000000095311648741860844
-0.000000000000090750250429592
0.000000000000086318221816751887
-0.000000000000082014066448717003
0.000000000000077836444534062477
-0.000000000000073783974300741071
0.000000000000069855301219941008
-0.000000000000066049067592341799
0.000000000000062363915557715819
-0.000000000000058798566856647879
0.000000000000055351680458106913
-0.000000000000052021958243285413
0.000000000000048808090251600956
-0.000000000000045708852066472714
0.000000000000042722955376669582
-0.000000000000039849143235044551
0.00000000000003708616896595769
-0.000000000000034432851361441926
0.000000000000031887922248580168
-0.000000000000029450200730400252
0.000000000000027118479209567496
-0.00000000000002489159044455061
0.00000000000002276836595032366
-0.000000000000020747616753888871
0.000000000000018828217265829688
-0.000000000000017009023993397165
0.00000000000001528890296433194
-0.000000000000013666727828386248
0.000000000000012141400369621069
-0.000000000000010711818277266296
0.000000000000009376894260125731
-0.0000000000000081355428186337055
0.0000000000000069867013813218811
-0.0000000000000059293028262154972
0.0000000000000049623004677643872
-0.0000000000000040846505984539104
0.0000000000000032953222174683423
-0.0000000000000025932938532815321
0.000000000000001977549805561579
-0.0000000000000014470851181511496
0.0000000000000010009043932922252
-0.0000000000000006380198097135505
0.0000000000000003574531787277759
-0.00000000000000015823396300793414
0.000000000000000039400657021601382
0
